0.000000000000000000e+00 0.000000000000000000e+00
1.428571428571428492e-01 2.704171066794157641e-01
2.857142857142856984e-01 4.549114564705619701e-01
4.285714285714285476e-01 4.948615244299107707e-01
5.714285714285713969e-01 3.775735131158290403e-01
7.142857142857141906e-01 1.403146997571786125e-01
8.571428571428570953e-01 -1.415279270411277934e-01
1.000000000000000000e+00 -3.784012476539641567e-01
1.142857142857142794e+00 -4.950407605479177908e-01
1.285714285714285587e+00 -4.543852434023366582e-01
1.428571428571428381e+00 -2.693526441930785276e-01
1.571428571428571397e+00 1.264487919460817499e-03
1.714285714285714191e+00 2.714798396512164147e-01
1.857142857142856984e+00 4.554347600483834579e-01
2.000000000000000000e+00 4.946791233116908937e-01
2.142857142857142794e+00 3.767433637198188134e-01
2.285714285714285587e+00 1.391005750584320688e-01
2.428571428571428381e+00 -1.427402491508068250e-01
2.571428571428571175e+00 -3.792265620402580639e-01
2.714285714285713969e+00 -4.952168305193663800e-01
2.857142857142856762e+00 -4.538561242092238879e-01
3.000000000000000000e+00 -2.682864590002174698e-01
3.142857142857142794e+00 2.528967751599553015e-03
3.285714285714285587e+00 2.725408363115283672e-01
3.428571428571428381e+00 4.559551507888934818e-01
3.571428571428571175e+00 4.944935583598464857e-01
3.714285714285713969e+00 3.759108047753444426e-01
3.857142857142856762e+00 1.378855607101013014e-01
4.000000000000000000e+00 -1.439516583325326504e-01
4.142857142857142350e+00 -3.800494509962238920e-01
4.285714285714285587e+00 -4.953897332181607660e-01
4.428571428571427937e+00 -4.533241022753264904e-01
4.571428571428571175e+00 -2.672185579198656513e-01
4.714285714285714413e+00 3.793431409146291820e-03
4.857142857142856762e+00 2.736000898745039045e-01
5.000000000000000000e+00 4.564726253638137776e-01
5.142857142857142350e+00 4.943048307612006309e-01
5.285714285714285587e+00 3.750758416072262902e-01
5.428571428571427937e+00 1.366696644830883989e-01
5.571428571428571175e+00 -1.451621468384589053e-01
5.714285714285713524e+00 -3.808699092588869739e-01
5.857142857142856762e+00 -4.955594675384620285e-01
6.000000000000000000e+00 -4.527891810033118913e-01
6.142857142857142350e+00 -2.661489477820282445e-01
6.285714285714285587e+00 5.057870804932793063e-03
6.428571428571427937e+00 2.746575935654447798e-01
6.571428571428571175e+00 4.569871804635169399e-01
6.714285714285713524e+00 4.941129417228037890e-01
6.857142857142856762e+00 3.742384795556638610e-01
7.000000000000000000e+00 1.354528941539345221e-01
